# Please make this file available to others
# by sending it to <lirc@bartelmus.de>
#
# this config file was automatically generated
# using lirc-0.9.0-pre1(default) on Sat Mar 21 19:40:19 2015
#
# contributed by
#
# brand:                       /home/pi/humax.conf
# model no. of remote control: Humax
# devices being controlled by this remote: 1
#

begin remote

  name  humax
  flags RAW_CODES|CONST_LENGTH
  eps            30
  aeps          100

  repeat       8977  2260
  gap          107699

      begin raw_codes

          name KEY_POWER
             8979    4512     534     572     544     569
              541     628     482     567     543     572
              540     566     543     568     545     567
              538     570     544     565     543     571
              540     573     545    1705     536     568
              542     565     544     570     539     571
              543     565     544     569     540     569
              544     565     544     570     539     570
              544     569     539    1707     543    1706
              539    1706     544    1706     540    1706
              543    1704     541    1707     548    1702
              541

          name KEY_RADIO
             8974    4515     535     573     543     564
              546     566     537     569     544     571
              539     570     539     569     543     571
              540     570     542     567     546     569
              537     570     543    1706     540     571
              538     571     542     567     543    1713
              537     570     546    1700     540    1707
              539     569     545     565     543     572
              539     573     542     563     544    1705
              541     569     544     568     540    1707
              546    1709     540    1700     547    1702
              540

          name KEY_MUTE
             8975    4509     541     569     539     570
              544     571     541     568     545     570
              543     565     542     569     539     569
              542     568     539     570     539     570
              544     566     543    1707     539     570
              543     571     538     570     539     570
              544     569     539     570     544    1703
              543    1707     539     571     543     569
              540     570     539    1708     542    1703
              543    1717     563     537     543     570
              539    1708     538    1707     544    1702
              543

          name KEY_MEDIA
             8978    4506     543     569     539     570
              539     574     539     570     539     570
              539     575     539     570     539     570
              538     575     539     570     539     574
              539     569     540    1710     541     569
              539     570     539     574     539    1706
              540    1707     543    1706     538    1707
              543     569     539    1707     544    1706
              538     575     539     570     539     569
              539     575     539     569     539    1707
              543     570     539     570     544    1707
              542

          name KEY_UP
             8973    4512     539     568     540     570
              539     575     541     570     536     574
              540     569     540     569     540     575
              539     569     540     569     539     575
              539     569     540    1706     544     569
              539     570     539     575     539    1708
              536     578     536     569     540     569
              540    1712     537     574     539     569
              539     570     540     574     539    1706
              539    1707     543    1705     540     575
              538    1706     540    1705     544    1706
              540

          name KEY_DOWN
             8972    4507     540     569     540     570
              543     566     544     569     540     570
              543     570     538     571     539     570
              564     549     540     569     540     570
              545     570     540    1704     539     570
              543     570     540     569     540    1706
              544     570     540    1706     543     569
              540    1707     539     570     543     570
              539     570     540     569     544    1707
              541     568     539    1706     545     569
              540    1707     539    1707     543    1707
              539

          name KEY_LEFT
             8975    4507     542     569     539     570
              540     569     544     570     539     570
              539     570     543     571     540     568
              540     573     540     570     539     570
              539     574     539    1706     540     574
              538     569     541     569     543     570
              540    1711     541     569     539     569
              539    1710     547     566     539     570
              537     574     539    1706     538     574
              539    1707     539    1706     540     574
              539    1707     550    1695     544    1706
              538

          name KEY_RIGHT
             8976    4506     541     570     539     569
              540     574     539     570     539     570
              538     575     539     570     564     549
              539     570     539     570     543     570
              539     570     539    1711     542     567
              541     568     548     565     539     569
              540     570     544    1708     538     569
              540    1707     543     570     539     570
              539     575     539    1706     539    1708
              543     569     539    1708     539     569
              544    1707     539    1707     538    1707
              543

          name KEY_OK
             8973    4511     536     571     543     570
              539     570     545     564     544     570
              539     570     539     570     543     571
              538     571     539     570     544     570
              539     569     540    1707     542     571
              539     570     540     570     543    1703
              543    1707     544     564     544     570
              539    1707     544     565     544     569
              540     570     544     564     545     569
              540    1707     543    1703     543     570
              539    1706     544    1706     540    1706
              542

          name KEY_EXIT
             8976    4520     539     561     537     570
              539     570     543     569     539     570
              540     574     539     570     539     569
              544     570     539     569     539     575
              539     570     539    1706     544     569
              540     569     539     575     539     569
              539    1706     544    1705     540     574
              540    1706     540     569     539     574
              540     569     539    1706     545     569
              542     569     540    1709     538     570
              539    1706     545    1705     539    1710
              539

          name KEY_BACK
             8973    4512     539     570     540     574
              538     569     539     570     539     575
              539     569     540     570     539     575
              539     569     539     575     539     570
              538     571     538    1710     540     570
              539     574     539     570     540    1706
              543     569     539     570     539     575
              539     570     538     575     538    1709
              538     568     550     564     538    1706
              544    1706     539    1706     543    1705
              540    1711     538     571     538    1712
              538

          name KEY_VOLUMEUP
             8973    4508     541     568     539     570
              544     570     539     569     540     570
              544     569     539     570     540     569
              545     569     540     569     539     569
              545     570     540    1706     539     570
              544     570     539     570     539    1706
              545    1706     540    1707     541    1705
              542    1707     539     570     544     570
              539     570     539     570     543     571
              538     570     539     571     543     570
              539    1706     540    1706     542    1708
              543

          name KEY_VOLUMEDOWN
             8976    4504     540     570     538     571
              544     569     540     570     540     569
              544     564     544     570     545     565
              542     571     540     568     545     564
              544     569     540    1706     544     569
              539     569     545     569     540     569
              543     565     545     570     539     569
              543     566     544     569     541    1706
              543     570     539    1705     544    1705
              544    1702     543    1706     543    1702
              544    1706     544     565     543    1707
              543

          name KEY_CHANNELUP
             8972    4513     535     573     539     570
              540     574     539     570     538     574
              534     575     539     570     540     574
              539     570     539     570     538     575
              539     570     539    1706     543     570
              539     575     538     572     537     570
              540     573     539     571     538     575
              538    1727     520     578     550     554
              540     568     543    1705     539    1707
              544    1705     540    1706     544     569
              539    1707     539    1711     539    1707
              539

          name KEY_CHANNELDOWN
             8975    4516     540     572     540     562
              543     564     545     568     543     564
              544     570     539     569     544     566
              544     569     539     570     544     565
              544     569     544    1702     543     570
              539     570     544     569     539    1707
              543    1702     544    1706     552    1693
              545     569     539     571     545     566
              541     570     538     570     544     570
              539     570     539     571     544    1706
              539    1707     543    1702     544    1706
              540

          name KEY_0
             8978    4502     540     569     543     569
              540     570     543     565     544     570
              539     570     543     565     545     569
              539     570     544     569     539     569
              544     567     544    1711     538     572
              536     572     539     568     546     569
              538     574     544    1707     537    1708
              539     569     539     567     543     566
              544     570     539    1707     543    1702
              544     569     544     565     544    1707
              539    1706     544    1706     539    1706
              544

          name KEY_1
             8973    4507     537     576     539     569
              539     570     544     570     538     571
              539     570     543     569     540     570
              539     574     539     569     540     569
              544     570     539    1706     544     569
              539     570     541     573     539    1708
              537    1707     543     570     539     569
              540     574     539     569     539     574
              539     570     539     570     543     570
              540    1706     543    1706     538    1710
              538    1707     543    1706     539    1707
              542

          name KEY_2
             8980    4506     538     570     538     574
              540     570     539     570     540     569
              544     570     540     569     539     574
              539     570     539     570     543     570
              540     571     538    1705     546     568
              540     570     538     570     544     570
              540     569     540    1707     543     570
              539     570     540     569     544     570
              540     569     539    1707     543    1708
              538     571     539    1707     543    1708
              538    1707     539    1707     543    1707
              538

          name KEY_3
             8978    4504     540     569     539     574
              539     571     538     570     540     574
              540     573     535     571     538     575
              539     570     539     570     539     574
              539     570     540    1705     545     569
              539     570     539     576     539    1707
              536     575     539    1706     540     570
              543     570     539     569     539     575
              540     569     539     570     539    1708
              542     570     539    1707     544    1705
              540    1707     538    1711     539    1707
              543

          name KEY_4
             8973    4508     543     564     543     571
              538     569     543     570     540     569
              544     570     539     570     543     565
              544     570     539     569     544     564
              545     569     544    1702     543     569
              545     566     545     567     539     569
              544    1706     539    1706     544     569
              540     568     545     588     520     572
              540     569     543    1709     537     569
              546     568     546    1703     540    1706
              543    1706     537    1708     540    1709
              538

          name KEY_5
             8975    4514     536     569     539     574
              540     570     538     570     539     575
              539     570     539     570     539     574
              539     571     539     572     537     574
              539     570     539    1707     543     570
              539     570     538     576     538    1707
              540    1710     541    1707     539     571
              548     568     536     570     539     573
              538     569     539     574     540     570
              539     566     542    1713     536    1710
              540    1708     536    1713     542    1716
              525

          name KEY_6
             8975    4510     543     569     539     570
              539     571     539     573     541     570
              539     569     539     575     540     569
              540     569     540     574     539     570
              539     570     539    1707     543     570
              539     570     544     570     539     569
              539     575     539     570     539    1707
              538     574     539     570     540     570
              539     574     539    1708     538    1707
              543    1707     539     569     540    1711
              539    1706     539    1711     539    1706
              540

          name KEY_7
             8978    4511     540     565     543     570
              539     571     543     565     543     570
              539     570     543     570     539     570
              566     547     539     569     567     543
              570     543     566    1679     543     570
              567     556     553     546     539    1707
              539     569     545     569     567    1679
              543     570     539     570     567     542
              544     565     544     570     540    1706
              543    1703     543     570     539    1707
              543    1707     538    1708     543    1706
              539

          name KEY_8
             8972    4515     536     570     539     570
              544     570     539     570     539     570
              540     574     539     570     539     570
              539     575     539     570     539     570
              539     570     544    1707     538     570
              544     570     539     570     538     571
              539    1713     537     570     540    1706
              543     570     542     567     540     574
              539     570     539    1707     543     570
              540    1705     540     574     541    1706
              537    1707     543    1706     540    1705
              544

          name KEY_9
             8973    4508     537     569     545     570
              545     565     542     569     540     570
              540     568     537     571     543     570
              539     570     540     570     544     570
              539     569     540    1706     544     570
              539     570     539     570     544    1707
              539    1706     539     570     544    1707
              539     569     544     570     539     570
              540     568     545     571     540     569
              539    1706     545     569     538    1721
              526    1707     543    1707     538    1707
              543

          name KEY_MENU
             8978    4507     540     569     544     569
              540     570     539     570     543     571
              539     570     539     570     538     572
              543     570     540     569     540     570
              539     570     544    1708     537     571
              540     569     544     570     539     570
              540    1706     544    1707     543    1705
              537     569     545     569     540     569
              541     569     544    1705     541     569
              540     570     539     574     540    1707
              539    1706     546    1701     543    1707
              539

          name KEY_PAUSE
             8977    4507     539     568     544     566
              543     570     539     570     545     569
              539     570     539     570     544     565
              546     570     541     568     544     571
              538     569     541    1706     542     574
              540     572     537     571     543     566
              540     569     540     570     543     568
              539     568     540    1706     544    1708
              539     569     544    1702     544    1707
              538    1707     543    1704     542    1708
              539     570     539     571     543    1708
              538

          name KEY_STOP
             8976    4509     539     570     544     569
              540     570     539     571     539     575
              539     569     540     570     539     570
              539     575     539     570     539     570
              539     576     538    1707     540     570
              539     570     539     575     540    1707
              540    1704     540     574     539     570
              539     574     536    1711     539    1705
              540     575     538     570     540     569
              540    1711     539    1706     540    1707
              543     570     540     570     539    1707
              539

          name KEY_REWIND
             8968    4513     541     569     539     570
              539     571     539     574     540     570
              539     571     539     569     540     574
              539     571     539     570     539     575
              539     570     540    1706     541     576
              541     566     540     571     538    1712
              534     575     542    1713     534     574
              540     566     539    1705     538    1710
              540     570     539     570     539    1711
              541     569     539    1707     539    1711
              539     569     540     575     535    1712
              538

          name KEY_FASTFORWARD
             8975    4506     540     572     540     569
              540     570     543     569     540     570
              540     569     540     575     538     570
              541     571     537     574     538     570
              540     569     539    1713     538     570
              539     575     534     575     539     570
              538     571     539    1712     539     570
              539     570     539    1712     538    1708
              542     572     538    1706     539    1707
              538     574     541    1707     538    1712
              537     574     539     570     538    1707
              547

      end raw_codes

end remote
